# Blender v2.83 (sub 17) OBJ File: 'ticket.blend'
# www.blender.org
mtllib ticket.mtl
o Cube
v 7.370846 11.997852 -2.307724
v 7.370846 -11.997852 -2.307724
v 7.370846 11.997852 -2.561826
v 7.370846 -11.997852 -2.561826
v -7.634733 11.997852 -2.307724
v -7.634733 -11.997852 -2.307724
v -7.634733 11.997852 -2.561826
v -7.634733 -11.997852 -2.561826
vt 0.625000 0.500000
vt 0.625000 0.750000
vt 0.875000 0.750000
vt 0.875000 0.500000
vt 1.001511 0.997247
vt 1.000220 -0.004943
vt 0.498686 0.000556
vt 0.499977 1.002746
vt 0.375000 0.000000
vt 0.375000 0.250000
vt 0.625000 0.250000
vt 0.625000 0.000000
vt 0.125000 0.500000
vt 0.125000 0.750000
vt 0.375000 0.750000
vt 0.375000 0.500000
vt -0.000503 0.002985
vt -0.000503 0.997875
vt 0.500781 0.997875
vt 0.500781 0.002985
vn 0.0000 1.0000 0.0000
vn 0.0000 0.0000 -1.0000
vn -1.0000 0.0000 0.0000
vn 0.0000 -1.0000 0.0000
vn 1.0000 0.0000 0.0000
vn 0.0000 0.0000 1.0000
usemtl Material.004
s off
f 1/1/1 3/2/1 7/3/1 5/4/1
f 4/5/2 8/6/2 7/7/2 3/8/2
f 8/9/3 6/10/3 5/11/3 7/12/3
f 6/13/4 8/14/4 4/15/4 2/16/4
f 2/16/5 4/15/5 3/2/5 1/1/5
f 6/17/6 2/18/6 1/19/6 5/20/6
o Cube.001
v 20.205439 11.997852 5.512467
v 20.205439 -11.997852 5.512467
v 20.334808 11.997852 5.293762
v 20.334808 -11.997852 5.293762
v 7.290198 11.997852 -2.127163
v 7.290198 -11.997852 -2.127163
v 7.419567 11.997852 -2.345868
v 7.419567 -11.997852 -2.345868
vt 0.625000 0.500000
vt 0.625000 0.750000
vt 0.875000 0.750000
vt 0.875000 0.500000
vt 0.000144 -0.002161
vt 0.000144 1.000000
vt 0.500060 1.000000
vt 0.500060 -0.002161
vt 0.375000 0.000000
vt 0.375000 0.250000
vt 0.625000 0.250000
vt 0.625000 0.000000
vt 0.125000 0.500000
vt 0.125000 0.750000
vt 0.375000 0.750000
vt 0.375000 0.500000
vt 0.499977 0.000565
vt 0.500329 0.996807
vt 0.997979 0.993308
vt 0.997952 -0.000127
vn 0.0000 1.0000 -0.0000
vn 0.5091 0.0000 -0.8607
vn -0.8607 0.0000 -0.5091
vn 0.0000 -1.0000 -0.0000
vn 0.8607 0.0000 0.5091
vn -0.5091 0.0000 0.8607
usemtl Material.001
s off
f 9/21/7 11/22/7 15/23/7 13/24/7
f 12/25/8 16/26/8 15/27/8 11/28/8
f 16/29/9 14/30/9 13/31/9 15/32/9
f 14/33/10 16/34/10 12/35/10 10/36/10
f 10/36/11 12/35/11 11/22/11 9/21/11
f 14/37/12 10/38/12 9/39/12 13/40/12
o Cube.002
v -7.487563 11.997852 -2.350196
v -7.487563 -11.997852 -2.350196
v -7.637512 11.997852 -2.555338
v -7.637512 -11.997852 -2.555338
v -19.601864 11.997852 6.504808
v -19.601864 -11.997852 6.504808
v -19.751814 11.997852 6.299666
v -19.751814 -11.997852 6.299666
vt 0.625000 0.500000
vt 0.625000 0.750000
vt 0.875000 0.750000
vt 0.875000 0.500000
vt 0.002773 1.000155
vt 0.502970 0.999014
vt 0.495388 0.002706
vt -0.004809 0.003847
vt 0.375000 0.000000
vt 0.375000 0.250000
vt 0.625000 0.250000
vt 0.625000 0.000000
vt 0.125000 0.500000
vt 0.125000 0.750000
vt 0.375000 0.750000
vt 0.375000 0.500000
vt 0.499581 1.006654
vt 1.000341 1.006383
vt 1.000269 0.000275
vt 0.499509 0.000546
vn 0.0000 1.0000 -0.0000
vn -0.5901 0.0000 -0.8073
vn -0.8073 0.0000 0.5901
vn 0.0000 -1.0000 -0.0000
vn 0.8073 0.0000 -0.5901
vn 0.5901 0.0000 0.8073
usemtl Material.002
s off
f 17/41/13 19/42/13 23/43/13 21/44/13
f 20/45/14 24/46/14 23/47/14 19/48/14
f 24/49/15 22/50/15 21/51/15 23/52/15
f 22/53/16 24/54/16 20/55/16 18/56/16
f 18/56/17 20/55/17 19/42/17 17/41/17
f 22/57/18 18/58/18 17/59/18 21/60/18
